,,1731440162.465511,1731440162.466679
1731440248.922205,078551454873fa24,1731440225.954474,1731440225.956149
,,1731440876.833506,1731440876.835807
,,1731440962.102659,1731440962.103763
,,1731441169.213967,1731441169.215333
,,1731473533.836202,1731473533.836882
,,1731473821.922468,1731473821.924294
1731474721.279102,b84aec8738bb12fc,1731474718.047509,1731474718.048183
,,1731487471.24249,1731487471.246463
,,1731502373.181385,1731502373.182893
1731582456.782541,391324c1541ac21f,1731582453.805206,1731582453.805989
,,1731582535.376163,1731582535.377322
